ConvNeXt-L_3600

Precision:[0.88836693 0.8026418  0.79943583 0.86560868 1.        ]
Recall: [0.9155004  0.7995356  0.77527014 0.8463956  0.11111111]
F1: [0.90172959 0.80108569 0.78716756 0.85589433 0.2       ]